0 28 1
1 138 1
1 183 1
3 226 1
4 325 1
6 43 1
6 414 1
9 83 1
12 163 1
12 262 1
12 382 1
14 43 1
14 168 1
15 410 1
18 66 1
18 73 1
18 259 1
18 372 1
18 377 1
18 394 1
19 79 1
20 438 1
22 329 1
22 346 1
22 361 1
25 252 1
25 432 1
25 436 1
26 37 1
26 217 1
28 297 1
28 346 1
29 157 1
29 240 1
30 260 1
30 273 1
30 343 1
31 244 1
32 414 1
33 157 1
33 181 1
33 197 1
33 237 1
33 262 1
33 276 1
33 277 1
33 390 1
37 108 1
37 219 1
39 131 1
40 265 1
41 40 1
41 143 1
41 224 1
42 413 1
42 423 1
43 181 1
45 81 1
45 142 1
45 150 1
45 380 1
47 0 1
48 30 1
48 66 1
48 73 1
48 275 1
48 377 1
48 394 1
51 14 1
51 343 1
52 200 1
53 413 1
55 393 1
56 8 1
57 5 1
58 82 1
58 122 1
59 141 1
61 280 1
62 271 1
62 287 1
62 434 1
64 70 1
64 221 1
64 279 1
64 354 1
65 177 1
65 279 1
66 63 1
67 8 1
67 32 1
67 343 1
68 32 1
68 189 1
68 256 1
69 82 1
69 321 1
70 343 1
71 434 1
73 7 1
73 107 1
73 253 1
73 295 1
73 431 1
75 384 1
75 437 1
76 315 1
76 370 1
76 437 1
77 0 1
78 413 1
78 432 1
79 80 1
79 103 1
79 269 1
79 301 1
79 347 1
80 361 1
81 101 1
81 158 1
81 199 1
81 281 1
81 395 1
85 89 1
85 157 1
86 437 1
90 269 1
92 287 1
93 287 1
93 436 1
94 181 1
95 86 1
95 157 1
95 181 1
95 237 1
95 262 1
95 390 1
96 375 1
97 86 1
97 157 1
97 163 1
97 262 1
97 382 1
97 390 1
98 181 1
98 277 1
99 423 1
100 157 1
100 163 1
100 262 1
101 21 1
101 53 1
101 87 1
101 90 1
101 119 1
101 193 1
101 226 1
101 240 1
102 7 1
102 130 1
102 295 1
104 141 1
104 413 1
105 8 1
105 32 1
105 343 1
107 122 1
108 8 1
108 227 1
108 314 1
108 343 1
109 423 1
110 47 1
112 319 1
112 343 1
113 299 1
114 371 1
115 114 1
118 398 1
119 132 1
119 262 1
119 315 1
119 370 1
119 437 1
121 7 1
121 82 1
121 253 1
121 295 1
121 297 1
121 369 1
122 413 1
124 260 1
124 273 1
124 343 1
126 82 1
126 122 1
129 8 1
129 227 1
129 259 1
129 343 1
130 143 1
131 14 1
131 343 1
132 82 1
132 122 1
133 86 1
133 132 1
133 163 1
133 262 1
133 315 1
133 382 1
134 141 1
136 391 1
137 253 1
137 330 1
137 382 1
138 28 1
139 132 1
139 163 1
139 262 1
139 315 1
139 382 1
140 154 1
141 42 1
141 65 1
141 204 1
142 343 1
144 432 1
145 141 1
145 405 1
147 273 1
149 82 1
149 321 1
150 287 1
151 248 1
151 291 1
152 19 1
152 57 1
152 141 1
152 210 1
152 234 1
152 315 1
152 357 1
152 370 1
152 437 1
153 14 1
153 38 1
153 48 1
153 343 1
154 329 1
154 361 1
155 143 1
158 141 1
159 315 1
159 370 1
159 437 1
160 343 1
161 144 1
162 375 1
165 157 1
165 288 1
166 132 1
166 262 1
166 315 1
167 18 1
167 144 1
168 343 1
169 423 1
170 45 1
171 226 1
171 240 1
172 310 1
173 315 1
174 144 1
174 207 1
175 212 1
176 261 1
179 79 1
179 413 1
179 423 1
179 432 1
180 143 1
180 192 1
180 203 1
181 283 1
181 413 1
182 141 1
182 210 1
182 234 1
184 37 1
184 217 1
185 65 1
186 53 1
186 226 1
186 240 1
186 276 1
187 260 1
187 273 1
193 0 1
194 81 1
194 142 1
194 249 1
195 306 1
196 175 1
198 364 1
199 226 1
199 240 1
200 111 1
200 141 1
200 210 1
201 57 1
201 210 1
201 357 1
202 275 1
204 86 1
204 163 1
204 262 1
204 382 1
205 412 1
206 260 1
206 273 1
206 343 1
208 343 1
209 437 1
210 375 1
212 31 1
212 39 1
212 142 1
212 150 1
212 174 1
212 359 1
214 423 1
215 101 1
215 134 1
215 158 1
215 195 1
215 199 1
215 247 1
215 281 1
215 289 1
216 423 1
217 430 1
219 131 1
220 253 1
221 269 1
221 337 1
222 226 1
222 240 1
223 244 1
224 236 1
226 45 1
226 58 1
226 195 1
226 199 1
226 226 1
226 247 1
227 57 1
227 208 1
227 371 1
228 58 1
228 78 1
228 101 1
228 199 1
229 8 1
229 24 1
229 314 1
229 343 1
229 378 1
231 157 1
231 226 1
231 240 1
232 273 1
232 343 1
232 361 1
233 346 1
236 53 1
236 157 1
236 226 1
236 239 1
236 240 1
236 276 1
236 438 1
237 80 1
237 103 1
237 269 1
237 295 1
237 301 1
237 347 1
238 13 1
238 181 1
238 325 1
239 47 1
239 343 1
240 14 1
240 343 1
241 343 1
242 159 1
242 287 1
243 25 1
244 224 1
245 53 1
245 226 1
245 240 1
245 358 1
247 114 1
247 212 1
247 226 1
247 301 1
247 345 1
248 157 1
248 288 1
249 343 1
252 170 1
252 214 1
252 303 1
252 383 1
253 343 1
254 141 1
254 210 1
255 9 1
255 26 1
255 120 1
255 335 1
257 73 1
257 275 1
257 377 1
257 394 1
258 42 1
258 65 1
259 247 1
261 315 1
263 30 1
263 66 1
263 73 1
263 259 1
263 372 1
263 377 1
263 394 1
264 375 1
265 376 1
266 157 1
267 253 1
267 295 1
267 366 1
268 157 1
268 288 1
269 421 1
270 131 1
271 413 1
272 110 1
273 8 1
273 227 1
273 314 1
273 343 1
274 240 1
275 7 1
275 95 1
275 253 1
275 273 1
275 295 1
275 297 1
275 369 1
275 402 1
276 181 1
276 277 1
277 143 1
279 406 1
280 411 1
282 189 1
282 256 1
283 71 1
284 144 1
284 380 1
285 133 1
287 343 1
288 61 1
288 206 1
289 78 1
289 135 1
289 247 1
289 307 1
289 349 1
289 399 1
290 14 1
290 343 1
291 181 1
291 277 1
292 197 1
293 306 1
294 36 1
294 273 1
295 110 1
295 346 1
296 47 1
297 267 1
298 25 1
299 226 1
299 240 1
300 82 1
301 79 1
301 332 1
301 413 1
301 423 1
301 432 1
302 253 1
302 315 1
303 28 1
303 131 1
305 32 1
305 343 1
307 3 1
307 46 1
307 438 1
308 423 1
309 0 1
311 141 1
311 179 1
312 2 1
312 5 1
312 10 1
312 19 1
312 34 1
312 45 1
312 53 1
312 64 1
312 80 1
312 90 1
312 101 1
312 103 1
312 107 1
312 119 1
312 131 1
312 133 1
312 139 1
312 145 1
312 148 1
312 161 1
312 185 1
312 194 1
312 199 1
312 201 1
312 226 1
312 228 1
312 229 1
312 241 1
312 247 1
312 253 1
312 269 1
312 301 1
312 305 1
312 315 1
312 323 1
312 331 1
312 345 1
312 347 1
312 358 1
312 387 1
312 389 1
312 415 1
312 419 1
313 143 1
313 148 1
313 161 1
313 163 1
313 203 1
313 262 1
313 371 1
314 157 1
314 226 1
314 240 1
315 315 1
316 413 1
318 131 1
318 399 1
322 132 1
322 315 1
323 320 1
324 14 1
324 343 1
327 423 1
328 131 1
329 157 1
329 276 1
330 21 1
330 53 1
330 86 1
330 157 1
330 181 1
330 226 1
330 237 1
330 240 1
330 276 1
331 271 1
331 287 1
331 434 1
332 5 1
332 226 1
333 52 1
333 407 1
334 45 1
334 131 1
337 203 1
339 206 1
340 14 1
340 343 1
342 82 1
342 122 1
343 233 1
343 356 1
345 157 1
346 226 1
346 240 1
348 14 1
348 36 1
348 273 1
348 408 1
348 436 1
349 47 1
349 236 1
350 110 1
352 192 1
352 197 1
353 141 1
355 132 1
355 315 1
355 370 1
355 437 1
356 89 1
358 344 1
359 192 1
360 406 1
361 157 1
361 288 1
363 287 1
363 434 1
364 141 1
365 101 1
366 132 1
366 262 1
366 315 1
366 382 1
367 2 1
367 5 1
367 10 1
367 19 1
367 34 1
367 45 1
367 53 1
367 54 1
367 64 1
367 68 1
367 80 1
367 84 1
367 90 1
367 101 1
367 103 1
367 107 1
367 118 1
367 119 1
367 133 1
367 139 1
367 145 1
367 148 1
367 161 1
367 169 1
367 194 1
367 199 1
367 201 1
367 226 1
367 228 1
367 231 1
367 241 1
367 247 1
367 253 1
367 268 1
367 269 1
367 270 1
367 281 1
367 285 1
367 301 1
367 305 1
367 315 1
367 322 1
367 323 1
367 326 1
367 331 1
367 345 1
367 347 1
367 358 1
367 387 1
367 389 1
367 415 1
367 419 1
368 157 1
368 226 1
368 240 1
371 260 1
371 273 1
373 7 1
373 253 1
373 295 1
373 437 1
374 417 1
375 141 1
376 37 1
376 154 1
377 85 1
378 14 1
378 343 1
379 14 1
384 14 1
386 260 1
386 273 1
390 0 1
392 82 1
392 122 1
394 181 1
395 315 1
397 316 1
398 61 1
399 299 1
400 141 1
401 423 1
403 32 1
403 86 1
403 119 1
403 131 1
403 157 1
403 181 1
403 226 1
403 237 1
403 240 1
403 262 1
404 295 1
405 157 1
405 226 1
405 240 1
405 276 1
406 143 1
406 308 1
406 351 1
408 32 1
408 157 1
408 181 1
408 226 1
408 237 1
408 240 1
408 262 1
409 287 1
410 200 1
411 181 1
412 181 1
413 157 1
413 163 1
413 262 1
413 382 1
414 343 1
416 157 1
417 273 1
418 259 1
418 343 1
420 132 1
420 315 1
421 73 1
421 275 1
421 394 1
422 314 1
423 131 1
424 7 1
424 144 1
426 273 1
427 295 1
428 130 1
428 143 1
429 82 1
429 122 1
429 297 1
430 406 1
431 226 1
431 240 1
432 226 1
433 321 1
434 78 1
434 101 1
434 134 1
434 158 1
434 195 1
434 199 1
434 217 1
434 247 1
434 281 1
434 289 1
434 320 1
434 349 1
435 181 1
436 14 1
436 343 1
438 170 1
438 253 1
438 315 1
440 157 1
440 226 1
440 240 1
440 276 1
442 5 1
443 0 1
444 7 1
444 18 1
444 131 1
444 144 1
444 207 1
444 218 1
444 255 1
444 264 1
444 309 1
444 312 1
444 350 1
444 374 1
444 388 1
445 343 1
445 361 1
447 343 1
448 204 1
448 257 1
449 343 1
451 229 1
453 274 1
453 343 1
454 320 1
455 106 1
455 207 1
455 358 1
457 175 1
458 82 1
458 413 1
459 30 1
459 73 1
459 275 1
459 377 1
459 394 1
460 217 1
462 342 1
463 86 1
463 157 1
463 226 1
463 240 1
463 276 1
465 7 1
465 18 1
465 31 1
465 39 1
465 81 1
465 142 1
465 144 1
465 150 1
465 174 1
465 207 1
465 359 1
465 380 1
465 400 1
466 175 1
467 210 1
468 59 1
468 242 1
468 262 1
470 0 1
471 252 1
471 432 1
471 436 1
472 132 1
472 315 1
472 370 1
476 132 1
476 315 1
477 8 1
477 66 1
477 73 1
477 227 1
477 259 1
477 343 1
477 372 1
477 377 1
477 394 1
478 42 1
480 153 1
481 89 1
482 346 1
483 260 1
483 273 1
485 145 1
485 226 1
486 66 1
486 73 1
486 259 1
486 372 1
486 377 1
486 394 1
488 111 1
490 88 1
491 315 1
492 160 1
493 6 1
493 221 1
493 279 1
493 354 1
494 206 1
495 132 1
495 262 1
495 315 1
495 370 1
495 437 1
496 8 1
496 227 1
496 343 1
497 439 1
498 98 1
498 290 1
499 0 1
500 0 1
501 47 1
502 221 1
502 354 1
504 0 1
505 42 1
507 343 1
508 142 1
508 380 1
508 400 1
509 106 1
510 144 1
510 284 1
511 423 1
511 437 1
513 36 1
513 273 1
514 308 1
515 413 1
516 423 1
517 243 1
517 346 1
517 413 1
517 423 1
520 47 1
520 343 1
521 7 1
521 18 1
521 31 1
521 39 1
521 142 1
521 144 1
521 150 1
521 174 1
521 207 1
521 359 1
521 380 1
521 400 1
522 115 1
523 94 1
523 399 1
524 423 1
525 181 1
525 277 1
525 287 1
525 434 1
526 413 1
527 132 1
527 163 1
527 262 1
527 315 1
527 371 1
528 3 1
530 157 1
532 26 1
532 120 1
532 335 1
532 379 1
533 122 1
535 346 1
536 162 1
536 343 1
537 260 1
537 273 1
539 364 1
540 274 1
540 343 1
543 82 1
543 280 1
543 325 1
545 8 1
545 343 1
546 311 1
546 349 1
548 18 1
548 380 1
549 157 1
550 260 1
550 273 1
551 4 1
551 112 1
551 142 1
551 150 1
551 182 1
551 207 1
551 249 1
551 359 1
553 260 1
553 273 1
555 47 1
557 7 1
557 107 1
557 253 1
557 295 1
557 431 1
558 141 1
558 405 1
561 78 1
561 260 1
561 273 1
561 343 1
561 375 1
562 224 1
563 10 1
563 19 1
563 34 1
563 45 1
563 53 1
563 54 1
563 64 1
563 80 1
563 90 1
563 101 1
563 103 1
563 133 1
563 139 1
563 145 1
563 148 1
563 158 1
563 161 1
563 194 1
563 195 1
563 199 1
563 201 1
563 202 1
563 217 1
563 226 1
563 228 1
563 241 1
563 247 1
563 253 1
563 269 1
563 270 1
563 281 1
563 301 1
563 305 1
563 315 1
563 323 1
563 327 1
563 331 1
563 345 1
563 347 1
563 358 1
563 387 1
563 389 1
563 415 1
563 419 1
564 82 1
564 122 1
566 141 1
566 179 1
567 141 1
568 163 1
568 236 1
568 262 1
568 382 1
569 377 1
570 79 1
571 8 1
572 413 1
573 375 1
575 0 1
576 0 1
577 303 1
577 383 1
579 141 1
579 210 1
580 154 1
580 214 1
582 343 1
583 240 1
585 0 1
586 7 1
586 253 1
586 295 1
586 369 1
586 431 1
591 18 1
591 81 1
591 144 1
591 150 1
591 359 1
592 142 1
596 343 1
597 287 1
602 86 1
602 157 1
602 226 1
602 240 1
602 276 1
602 405 1
603 343 1
604 7 1
604 132 1
604 262 1
604 297 1
604 315 1
604 382 1
605 82 1
606 0 1
608 73 1
608 275 1
609 21 1
609 109 1
610 226 1
610 240 1
611 430 1
613 28 1
613 146 1
615 253 1
626 343 1
627 433 1
631 175 1
633 252 1
634 73 1
634 275 1
635 157 1
635 226 1
635 240 1
637 114 1
637 212 1
637 226 1
637 301 1
637 345 1
639 141 1
640 86 1
640 132 1
640 163 1
640 262 1
640 315 1
640 370 1
640 437 1
641 141 1
643 141 1
645 143 1
646 343 1
650 269 1
658 141 1
659 143 1
659 351 1
661 343 1
662 383 1
663 0 1
664 0 1
664 291 1
666 283 1
667 141 1
670 438 1
673 253 1
674 82 1
674 321 1
677 141 1
678 413 1
679 346 1
680 172 1
681 0 1
682 157 1
684 141 1
689 0 1
690 0 1
691 154 1
691 190 1
692 413 1
693 303 1
694 413 1
696 132 1
696 262 1
696 276 1
696 315 1
696 370 1
696 437 1
698 77 1
699 413 1
700 175 1
701 335 1
704 157 1
707 433 1
710 217 1
715 245 1
715 343 1
717 141 1
718 355 1
720 311 1
721 233 1
722 62 1
722 401 1
724 0 1
725 214 1
726 55 1
727 0 1
364 393 0
567 173 0
163 371 0
109 160 0
561 60 0
663 429 0
129 290 0
80 75 0
703 156 0
677 269 0
650 45 0
429 38 0
528 30 0
413 98 0
323 195 0
155 224 0
23 63 0
447 138 0
199 62 0
340 153 0
32 437 0
139 316 0
420 133 0
471 270 0
514 10 0
104 284 0
473 205 0
456 115 0
595 180 0
119 35 0
615 312 0
426 436 0
251 196 0
47 345 0
90 407 0
488 169 0
368 399 0
299 237 0
717 127 0
11 364 0
56 213 0
217 59 0
684 49 0
218 48 0
93 125 0
41 357 0
54 272 0
25 200 0
340 309 0
160 69 0
503 277 0
136 95 0
547 185 0
79 27 0
688 15 0
178 353 0
116 396 0
701 138 0
195 351 0
209 123 0
325 213 0
603 209 0
674 174 0
132 24 0
591 401 0
314 149 0
683 355 0
653 379 0
724 370 0
253 107 0
427 310 0
335 177 0
549 411 0
79 37 0
82 208 0
64 96 0
476 328 0
411 389 0
399 372 0
236 93 0
278 6 0
141 170 0
224 131 0
313 109 0
8 319 0
562 433 0
16 320 0
104 101 0
356 209 0
27 72 0
11 202 0
131 132 0
116 224 0
339 137 0
343 61 0
726 363 0
400 217 0
665 102 0
686 436 0
621 161 0
468 257 0
545 220 0
663 2 0
173 103 0
273 155 0
684 406 0
207 226 0
334 62 0
26 30 0
111 320 0
510 19 0
9 421 0
672 393 0
688 427 0
60 437 0
649 382 0
612 71 0
718 362 0
148 226 0
340 55 0
730 75 0
212 209 0
113 237 0
352 266 0
650 397 0
211 21 0
416 200 0
184 280 0
204 402 0
70 416 0
544 81 0
361 262 0
401 391 0
149 61 0
685 412 0
431 11 0
24 316 0
495 416 0
182 85 0
147 309 0
449 121 0
493 228 0
263 317 0
645 76 0
513 343 0
83 280 0
221 220 0
633 149 0
172 331 0
709 111 0
310 28 0
658 167 0
699 287 0
374 357 0
546 165 0
321 256 0
628 11 0
182 324 0
166 83 0
423 47 0
251 398 0
354 397 0
107 69 0
474 255 0
140 339 0
468 399 0
44 103 0
597 312 0
514 229 0
569 376 0
246 354 0
460 320 0
407 172 0
433 432 0
695 159 0
677 184 0
285 372 0
87 307 0
472 383 0
541 295 0
177 146 0
148 51 0
606 69 0
156 115 0
355 427 0
101 332 0
720 302 0
220 71 0
315 56 0
584 296 0
341 231 0
242 132 0
724 132 0
119 368 0
647 355 0
610 0 0
255 160 0
296 87 0
54 324 0
659 19 0
233 163 0
544 181 0
186 249 0
39 85 0
486 304 0
100 366 0
359 225 0
336 212 0
445 81 0
192 382 0
144 106 0
95 362 0
136 263 0
324 29 0
209 166 0
239 125 0
537 408 0
399 343 0
61 274 0
537 426 0
302 263 0
595 195 0
379 185 0
312 386 0
254 31 0
706 390 0
242 396 0
478 225 0
242 111 0
537 18 0
463 82 0
662 58 0
228 279 0
540 242 0
576 277 0
290 84 0
210 194 0
699 142 0
85 18 0
358 361 0
7 395 0
207 384 0
541 171 0
530 22 0
148 190 0
387 107 0
288 210 0
18 302 0
28 436 0
321 267 0
153 178 0
204 253 0
730 268 0
559 407 0
230 329 0
25 124 0
242 378 0
510 102 0
413 62 0
461 87 0
589 49 0
555 343 0
6 195 0
273 56 0
18 72 0
237 337 0
590 389 0
402 128 0
187 52 0
340 389 0
415 101 0
622 204 0
132 404 0
144 296 0
475 96 0
362 142 0
605 266 0
311 226 0
626 407 0
43 89 0
508 406 0
312 266 0
32 276 0
395 406 0
101 243 0
18 326 0
279 314 0
225 33 0
28 247 0
235 419 0
518 212 0
711 101 0
517 19 0
307 383 0
292 149 0
679 49 0
33 23 0
181 180 0
52 58 0
441 128 0
321 299 0
378 437 0
64 55 0
337 304 0
416 203 0
34 364 0
186 274 0
600 122 0
471 107 0
651 3 0
224 25 0
137 195 0
662 287 0
575 170 0
688 214 0
497 417 0
503 38 0
429 365 0
251 417 0
202 302 0
110 377 0
370 201 0
435 365 0
178 249 0
151 254 0
65 323 0
182 312 0
512 123 0
696 249 0
268 411 0
225 55 0
471 328 0
210 96 0
343 169 0
616 302 0
252 7 0
633 348 0
529 26 0
691 33 0
439 29 0
711 18 0
418 364 0
417 190 0
354 95 0
687 386 0
167 71 0
16 243 0
38 191 0
340 259 0
352 163 0
203 136 0
229 101 0
608 391 0
394 292 0
187 122 0
392 73 0
594 357 0
359 230 0
140 257 0
667 425 0
360 340 0
400 72 0
466 267 0
19 183 0
120 132 0
540 339 0
243 179 0
720 41 0
452 199 0
470 363 0
9 290 0
575 33 0
558 241 0
126 325 0
716 264 0
190 233 0
595 124 0
705 413 0
352 301 0
561 28 0
568 59 0
680 83 0
412 200 0
98 167 0
640 181 0
58 274 0
407 398 0
590 408 0
316 206 0
93 350 0
602 291 0
141 184 0
164 404 0
403 196 0
160 406 0
578 264 0
184 1 0
358 46 0
693 262 0
713 23 0
236 265 0
632 433 0
336 421 0
69 226 0
380 305 0
559 313 0
581 434 0
281 329 0
597 405 0
259 244 0
35 306 0
4 151 0
715 326 0
200 216 0
233 180 0
189 143 0
176 184 0
154 80 0
432 186 0
643 198 0
252 3 0
220 310 0
674 212 0
462 197 0
20 273 0
158 146 0
276 285 0
108 284 0
676 309 0
498 24 0
215 129 0
358 277 0
578 294 0
621 149 0
63 314 0
622 76 0
421 267 0
521 325 0
152 183 0
372 400 0
115 8 0
542 79 0
454 384 0
699 18 0
580 314 0
551 221 0
79 144 0
515 103 0
695 60 0
169 298 0
355 343 0
332 252 0
518 369 0
506 340 0
690 420 0
78 115 0
59 385 0
174 66 0
526 323 0
273 215 0
483 200 0
175 238 0
332 49 0
690 188 0
25 370 0
406 337 0
702 230 0
348 193 0
48 216 0
423 399 0
49 230 0
641 120 0
118 6 0
452 189 0
147 80 0
108 400 0
533 310 0
313 129 0
121 401 0
242 212 0
641 436 0
555 357 0
563 2 0
706 362 0
574 242 0
605 166 0
200 150 0
345 37 0
665 132 0
644 231 0
445 220 0
701 55 0
86 114 0
467 37 0
442 335 0
608 429 0
489 364 0
117 162 0
601 69 0
289 103 0
88 323 0
468 196 0
332 313 0
292 104 0
153 122 0
516 39 0
231 148 0
397 355 0
559 95 0
253 374 0
188 222 0
592 344 0
486 425 0
649 103 0
586 149 0
13 129 0
264 435 0
64 414 0
424 309 0
430 210 0
287 64 0
331 101 0
106 193 0
716 342 0
11 345 0
555 308 0
617 381 0
315 146 0
447 7 0
593 172 0
699 65 0
278 30 0
555 391 0
183 310 0
183 308 0
440 139 0
539 401 0
170 231 0
562 90 0
455 351 0
385 289 0
202 187 0
200 266 0
2 97 0
279 331 0
290 406 0
0 24 0
66 145 0
3 63 0
316 309 0
376 197 0
238 353 0
717 289 0
573 31 0
559 21 0
559 316 0
601 142 0
127 13 0
142 325 0
561 209 0
105 334 0
47 351 0
344 108 0
95 120 0
678 67 0
366 375 0
626 382 0
596 407 0
389 132 0
237 402 0
180 75 0
59 125 0
598 258 0
226 273 0
539 214 0
330 253 0
165 156 0
271 377 0
218 295 0
369 119 0
362 382 0
636 169 0
358 3 0
668 176 0
239 177 0
603 228 0
123 371 0
287 202 0
536 161 0
67 102 0
433 435 0
154 307 0
334 122 0
58 68 0
574 62 0
227 77 0
591 342 0
610 282 0
29 283 0
291 116 0
703 77 0
265 212 0
694 308 0
446 355 0
324 244 0
26 182 0
56 317 0
628 39 0
720 170 0
503 314 0
94 47 0
605 229 0
620 244 0
457 252 0
580 59 0
558 255 0
500 58 0
510 83 0
627 338 0
487 187 0
719 182 0
604 425 0
442 274 0
684 241 0
165 225 0
706 178 0
52 38 0
237 429 0
308 91 0
56 273 0
111 295 0
472 152 0
332 368 0
50 198 0
485 406 0
564 354 0
534 62 0
410 154 0
530 153 0
80 44 0
111 352 0
661 411 0
640 81 0
442 209 0
729 387 0
701 38 0
563 336 0
707 368 0
111 77 0
712 234 0
16 351 0
335 435 0
724 3 0
254 113 0
89 383 0
275 151 0
645 392 0
132 321 0
168 309 0
133 96 0
198 175 0
54 198 0
276 293 0
555 293 0
540 105 0
16 127 0
482 325 0
290 436 0
76 26 0
426 35 0
499 374 0
664 151 0
79 122 0
89 222 0
687 29 0
372 69 0
93 76 0
654 66 0
74 65 0
667 212 0
19 150 0
115 133 0
537 277 0
218 58 0
656 50 0
613 20 0
348 415 0
142 180 0
576 140 0
194 284 0
614 419 0
514 165 0
420 136 0
668 175 0
333 186 0
707 237 0
331 188 0
724 77 0
666 107 0
479 279 0
632 264 0
182 182 0
278 265 0
66 430 0
200 75 0
493 393 0
634 232 0
10 252 0
549 69 0
322 11 0
442 169 0
652 116 0
710 177 0
30 74 0
643 188 0
407 229 0
27 409 0
265 323 0
377 276 0
247 154 0
517 376 0
9 140 0
417 107 0
319 375 0
446 127 0
137 118 0
3 419 0
446 432 0
346 346 0
685 145 0
134 143 0
461 84 0
622 268 0
441 55 0
459 243 0
513 428 0
724 68 0
664 54 0
167 403 0
548 138 0
204 285 0
180 267 0
183 197 0
633 169 0
258 55 0
31 203 0
718 326 0
592 363 0
285 385 0
102 276 0
169 210 0
239 323 0
233 357 0
36 167 0
276 198 0
269 115 0
589 137 0
728 95 0
246 305 0
177 179 0
82 49 0
418 101 0
349 375 0
352 76 0
397 38 0
610 272 0
45 312 0
35 396 0
400 259 0
704 285 0
289 268 0
315 155 0
502 356 0
118 9 0
145 100 0
185 321 0
667 81 0
93 26 0
167 124 0
380 201 0
575 239 0
248 306 0
582 317 0
680 173 0
8 35 0
668 422 0
202 396 0
398 41 0
61 22 0
383 129 0
38 96 0
79 6 0
75 163 0
442 430 0
420 206 0
87 78 0
428 337 0
45 218 0
557 134 0
18 139 0
308 285 0
411 155 0
283 351 0
431 373 0
660 392 0
237 222 0
570 109 0
332 109 0
379 71 0
516 344 0
350 284 0
310 98 0
323 44 0
542 368 0
673 42 0
204 23 0
142 311 0
589 46 0
52 264 0
336 47 0
189 105 0
352 167 0
300 90 0
719 6 0
566 115 0
675 423 0
450 124 0
285 61 0
685 277 0
435 284 0
288 320 0
140 122 0
271 5 0
373 82 0
364 148 0
292 94 0
627 326 0
512 278 0
274 56 0
50 369 0
163 67 0
248 63 0
658 406 0
151 414 0
218 296 0
434 174 0
538 78 0
222 364 0
492 149 0
690 83 0
349 132 0
657 381 0
68 4 0
570 99 0
659 3 0
134 47 0
483 21 0
560 411 0
427 380 0
224 85 0
159 110 0
563 173 0
515 290 0
556 47 0
341 238 0
470 237 0
540 110 0
493 43 0
486 406 0
176 17 0
186 169 0
438 298 0
285 376 0
395 273 0
120 205 0
664 424 0
521 223 0
191 184 0
363 2 0
136 73 0
502 233 0
564 140 0
194 349 0
111 330 0
188 64 0
21 104 0
9 109 0
236 286 0
400 201 0
118 378 0
536 234 0
685 208 0
224 178 0
384 7 0
558 79 0
452 220 0
683 198 0
373 311 0
68 272 0
53 334 0
633 89 0
258 130 0
403 243 0
565 248 0
505 111 0
602 376 0
414 50 0
56 338 0
656 410 0
358 183 0
507 310 0
535 19 0
262 160 0
97 217 0
330 91 0
602 317 0
639 342 0
155 124 0
210 23 0
233 48 0
226 322 0
641 23 0
506 84 0
96 290 0
258 122 0
180 354 0
227 137 0
385 242 0
599 71 0
338 97 0
71 71 0
617 281 0
221 372 0
246 430 0
218 241 0
15 179 0
327 158 0
692 79 0
520 138 0
39 194 0
521 368 0
474 344 0
502 77 0
280 74 0
147 27 0
515 286 0
81 244 0
318 209 0
233 409 0
548 236 0
141 221 0
624 201 0
458 7 0
726 104 0
595 337 0
539 131 0
208 374 0
250 176 0
559 353 0
127 170 0
634 412 0
208 376 0
611 264 0
235 213 0
669 407 0
297 86 0
651 380 0
215 40 0
689 435 0
16 326 0
352 309 0
73 384 0
289 183 0
564 382 0
232 239 0
451 176 0
394 318 0
363 175 0
612 129 0
567 286 0
358 47 0
417 305 0
424 145 0
528 111 0
710 208 0
53 61 0
390 224 0
347 140 0
9 25 0
527 213 0
573 415 0
236 310 0
612 293 0
164 257 0
463 182 0
232 351 0
311 202 0
700 348 0
312 4 0
604 431 0
596 308 0
66 308 0
667 412 0
170 80 0
352 72 0
236 217 0
639 410 0
659 387 0
700 287 0
227 42 0
179 180 0
235 57 0
222 267 0
242 194 0
131 34 0
249 392 0
160 243 0
490 37 0
577 68 0
461 162 0
470 23 0
592 38 0
189 131 0
80 6 0
302 248 0
290 346 0
157 329 0
731 384 0
36 79 0
38 290 0
464 226 0
436 182 0
254 137 0
121 23 0
683 292 0
466 98 0
574 80 0
59 284 0
399 196 0
258 274 0
453 388 0
9 197 0
269 9 0
126 396 0
283 277 0
523 51 0
383 310 0
11 403 0
375 48 0
322 296 0
19 363 0
201 406 0
473 298 0
520 31 0
153 128 0
553 285 0
449 43 0
334 248 0
524 282 0
624 17 0
186 67 0
691 0 0
410 423 0
59 271 0
534 10 0
517 0 0
682 221 0
447 299 0
108 255 0
654 159 0
531 121 0
34 350 0
405 313 0
654 297 0
169 334 0
350 379 0
472 425 0
663 9 0
503 85 0
289 421 0
591 168 0
576 66 0
341 72 0
161 31 0
515 20 0
731 294 0
713 405 0
644 196 0
653 266 0
332 292 0
99 192 0
653 186 0
423 104 0
159 2 0
375 205 0
548 313 0
89 295 0
110 369 0
271 223 0
11 201 0
674 173 0
715 157 0
191 244 0
252 438 0
357 435 0
73 221 0
302 246 0
271 208 0
645 119 0
81 305 0
177 94 0
302 20 0
584 97 0
106 218 0
215 296 0
393 273 0
44 298 0
91 398 0
482 220 0
513 171 0
113 419 0
325 24 0
644 338 0
101 337 0
389 373 0
45 374 0
591 408 0
328 269 0
373 273 0
593 174 0
310 329 0
522 230 0
131 282 0
684 236 0
385 433 0
712 204 0
407 431 0
384 363 0
471 350 0
385 253 0
731 335 0
15 206 0
575 95 0
123 431 0
183 422 0
389 52 0
55 106 0
25 83 0
274 412 0
232 7 0
550 176 0
316 159 0
140 376 0
585 301 0
701 189 0
689 342 0
448 95 0
564 266 0
401 221 0
129 156 0
443 79 0
243 382 0
108 78 0
552 410 0
470 28 0
584 132 0
294 363 0
72 19 0
411 283 0
635 302 0
22 285 0
396 317 0
68 420 0
566 318 0
369 143 0
385 360 0
309 414 0
35 263 0
82 163 0
275 5 0
508 388 0
75 182 0
346 103 0
170 308 0
505 123 0
521 28 0
217 22 0
569 118 0
631 45 0
443 81 0
565 179 0
486 41 0
18 382 0
495 46 0
562 202 0
158 89 0
439 162 0
292 0 0
715 188 0
726 10 0
517 58 0
500 68 0
85 1 0
562 264 0
324 302 0
453 139 0
111 30 0
181 18 0